point = [-8	-7	12;-8	-7	20;-8	-7    28;-8	-7	36;-6.375	-4.9	  44;-4.75	-2.8   52;  ...
          8	-7	12;8	-7	20;8	-7	28;8	-7	36;6.375  -4.9	44;4.75     -2.8	52;...
          8	7	12;8	7	20;8	7	28;8	7	36;6.375  4.9	44;4.75     2.8	52;...
          -8	7	12;-8	7	20;-8	7	28;-8	7	36;-6.375  4.9	44;-4.75     2.8	52];
point2 = [0	-7	20;0	-7	28;0	-7	36;0    -4.9	44;0     -2.8	52;0     0	   64;...
          8	0	20;8	0	28;8	0	36;6.375  0	44;4.75    0	52;3    0        64;...
          0	7	20;0	7	28;0	7	36;0    4.9	44;0     2.8	52;0     0	   64;...
          -8	0	20;-8	0	28;-8	0	36;-6.375  0	 44;-4.75    0	 52;-3    0        64];

midle = (point+point2)/2;